1.000000000000000000e+00
2.000000000000000000e+00
7.000000000000000000e+00
8.000000000000000000e+00
9.000000000000000000e+00
1.100000000000000000e+01
1.200000000000000000e+01
1.300000000000000000e+01
1.800000000000000000e+01
2.000000000000000000e+01
2.100000000000000000e+01
2.200000000000000000e+01
2.300000000000000000e+01
2.500000000000000000e+01
2.700000000000000000e+01
3.100000000000000000e+01
3.400000000000000000e+01
3.600000000000000000e+01
5.000000000000000000e+01
5.100000000000000000e+01
5.300000000000000000e+01
5.400000000000000000e+01
5.700000000000000000e+01
6.100000000000000000e+01
6.400000000000000000e+01
6.600000000000000000e+01
6.900000000000000000e+01
7.200000000000000000e+01
7.400000000000000000e+01
7.700000000000000000e+01
8.000000000000000000e+01
8.900000000000000000e+01
1.000000000000000000e+02
1.060000000000000000e+02
1.080000000000000000e+02
1.100000000000000000e+02
1.120000000000000000e+02
1.140000000000000000e+02
1.170000000000000000e+02
1.200000000000000000e+02
1.230000000000000000e+02
1.340000000000000000e+02
1.430000000000000000e+02
1.470000000000000000e+02
1.590000000000000000e+02
1.610000000000000000e+02
1.650000000000000000e+02
1.690000000000000000e+02
1.790000000000000000e+02
1.930000000000000000e+02
1.980000000000000000e+02
2.000000000000000000e+02
2.280000000000000000e+02
2.430000000000000000e+02
2.470000000000000000e+02
2.550000000000000000e+02
2.560000000000000000e+02
2.610000000000000000e+02
2.900000000000000000e+02
3.390000000000000000e+02
3.620000000000000000e+02
3.790000000000000000e+02
3.910000000000000000e+02
4.330000000000000000e+02
4.780000000000000000e+02
4.880000000000000000e+02
5.040000000000000000e+02
5.390000000000000000e+02
6.100000000000000000e+02
6.190000000000000000e+02
7.580000000000000000e+02
7.790000000000000000e+02
8.040000000000000000e+02
9.240000000000000000e+02
9.430000000000000000e+02
1.045000000000000000e+03
