2.205950000000000000e+05
2.205960000000000000e+05
2.205970000000000000e+05
2.205980000000000000e+05
2.205990000000000000e+05
2.206000000000000000e+05
2.206010000000000000e+05
2.206020000000000000e+05
2.206030000000000000e+05
2.206070000000000000e+05
2.206080000000000000e+05
2.206100000000000000e+05
2.206110000000000000e+05
2.206120000000000000e+05
2.206130000000000000e+05
2.206140000000000000e+05
2.206150000000000000e+05
2.206160000000000000e+05
2.206190000000000000e+05
2.206200000000000000e+05
2.893870000000000000e+05
2.893890000000000000e+05
2.893900000000000000e+05
2.893910000000000000e+05
2.893930000000000000e+05
2.893950000000000000e+05
2.893960000000000000e+05
2.894000000000000000e+05
2.894070000000000000e+05
2.894130000000000000e+05
2.894310000000000000e+05
3.987840000000000000e+05
3.987850000000000000e+05
3.987860000000000000e+05
3.987870000000000000e+05
3.987880000000000000e+05
3.987890000000000000e+05
3.987900000000000000e+05
3.987930000000000000e+05
3.987940000000000000e+05
3.988010000000000000e+05
4.048200000000000000e+05
4.048220000000000000e+05
4.048230000000000000e+05
4.048240000000000000e+05
4.048250000000000000e+05
4.048260000000000000e+05
4.321060000000000000e+05
4.321070000000000000e+05
4.321080000000000000e+05
4.321090000000000000e+05
4.321110000000000000e+05
4.321120000000000000e+05
4.321130000000000000e+05
4.321140000000000000e+05
4.417090000000000000e+05
4.417100000000000000e+05
4.417110000000000000e+05
4.441340000000000000e+05
4.441350000000000000e+05
4.441360000000000000e+05
4.441370000000000000e+05
4.441380000000000000e+05
4.441390000000000000e+05
4.665490000000000000e+05
4.665500000000000000e+05
5.034370000000000000e+05
5.034380000000000000e+05
5.034390000000000000e+05
5.034400000000000000e+05
5.034410000000000000e+05
5.034420000000000000e+05
5.034440000000000000e+05
5.034540000000000000e+05
5.090910000000000000e+05
5.090920000000000000e+05
5.090930000000000000e+05
5.090940000000000000e+05
5.090950000000000000e+05
5.090960000000000000e+05
5.090970000000000000e+05
5.091020000000000000e+05
5.091040000000000000e+05
5.235480000000000000e+05
5.366540000000000000e+05
5.366550000000000000e+05
5.366560000000000000e+05
5.374880000000000000e+05
5.374890000000000000e+05
5.383700000000000000e+05
5.383710000000000000e+05
5.383720000000000000e+05
5.440010000000000000e+05
5.440020000000000000e+05
5.440030000000000000e+05
5.440040000000000000e+05
5.440050000000000000e+05
5.440060000000000000e+05
5.440070000000000000e+05
5.440120000000000000e+05
5.478440000000000000e+05
5.478450000000000000e+05
5.545230000000000000e+05
5.545280000000000000e+05
5.550130000000000000e+05
5.550140000000000000e+05
5.550160000000000000e+05
5.593860000000000000e+05
5.593870000000000000e+05
5.593880000000000000e+05
5.630520000000000000e+05
5.751900000000000000e+05
5.751910000000000000e+05
5.751940000000000000e+05
5.751960000000000000e+05
5.751970000000000000e+05
5.752020000000000000e+05
5.752100000000000000e+05
5.753560000000000000e+05
5.758630000000000000e+05
5.758640000000000000e+05
5.758650000000000000e+05
5.758670000000000000e+05
5.765160000000000000e+05
5.765170000000000000e+05
5.773720000000000000e+05
5.800350000000000000e+05
5.830270000000000000e+05
5.834510000000000000e+05
5.834520000000000000e+05
5.834530000000000000e+05
5.834540000000000000e+05
5.834550000000000000e+05
5.834610000000000000e+05
5.926620000000000000e+05
5.926630000000000000e+05
5.928400000000000000e+05
5.964000000000000000e+05
5.964010000000000000e+05
5.964020000000000000e+05
5.964030000000000000e+05
5.964040000000000000e+05
5.985390000000000000e+05
5.985400000000000000e+05
6.003630000000000000e+05
6.003640000000000000e+05
6.021300000000000000e+05
6.021310000000000000e+05
6.021320000000000000e+05
6.026530000000000000e+05
6.050540000000000000e+05
6.068200000000000000e+05
6.143260000000000000e+05
6.192230000000000000e+05
6.192240000000000000e+05
6.201720000000000000e+05
6.201730000000000000e+05
6.214090000000000000e+05
6.214100000000000000e+05
6.214130000000000000e+05
6.255450000000000000e+05
6.255460000000000000e+05
6.255470000000000000e+05
6.255480000000000000e+05
6.255490000000000000e+05
6.255580000000000000e+05
6.260520000000000000e+05
6.260530000000000000e+05
6.260550000000000000e+05
6.334370000000000000e+05
6.337260000000000000e+05
6.337270000000000000e+05
6.337280000000000000e+05
6.337300000000000000e+05
6.337330000000000000e+05
6.342830000000000000e+05
6.342840000000000000e+05
6.342870000000000000e+05
6.348010000000000000e+05
6.348020000000000000e+05
6.348060000000000000e+05
6.367290000000000000e+05
6.378020000000000000e+05
6.378030000000000000e+05
6.378040000000000000e+05
6.378060000000000000e+05
6.417540000000000000e+05
6.417550000000000000e+05
6.417560000000000000e+05
6.433850000000000000e+05
6.433860000000000000e+05
6.433870000000000000e+05
6.437280000000000000e+05
6.437290000000000000e+05
6.466370000000000000e+05
6.466380000000000000e+05
6.483630000000000000e+05
6.483640000000000000e+05
6.499870000000000000e+05
6.499880000000000000e+05
6.507030000000000000e+05
6.534800000000000000e+05
6.544810000000000000e+05
6.568610000000000000e+05
6.575680000000000000e+05
6.575720000000000000e+05
6.587210000000000000e+05
6.600100000000000000e+05
6.600110000000000000e+05
6.618550000000000000e+05
6.619800000000000000e+05
6.619810000000000000e+05
6.619820000000000000e+05
6.636470000000000000e+05
6.636490000000000000e+05
6.669880000000000000e+05
6.676170000000000000e+05
6.678580000000000000e+05
6.678590000000000000e+05
6.691790000000000000e+05
6.691800000000000000e+05
6.697490000000000000e+05
6.708500000000000000e+05
6.718120000000000000e+05
6.722780000000000000e+05
6.722790000000000000e+05
6.722820000000000000e+05
6.729550000000000000e+05
6.729560000000000000e+05
6.731640000000000000e+05
6.745960000000000000e+05
6.745970000000000000e+05
6.770690000000000000e+05
6.770700000000000000e+05
6.772290000000000000e+05
6.798910000000000000e+05
6.816960000000000000e+05
6.819410000000000000e+05
6.831720000000000000e+05
6.849100000000000000e+05
6.859950000000000000e+05
6.867530000000000000e+05
6.885860000000000000e+05
6.892460000000000000e+05
6.892470000000000000e+05
6.892500000000000000e+05
6.907430000000000000e+05
6.908670000000000000e+05
6.928820000000000000e+05
6.928830000000000000e+05
6.944880000000000000e+05
6.944890000000000000e+05
6.961470000000000000e+05
6.961480000000000000e+05
6.968540000000000000e+05
6.981520000000000000e+05
6.985670000000000000e+05
6.993510000000000000e+05
6.995310000000000000e+05
7.003380000000000000e+05
7.005250000000000000e+05
7.006440000000000000e+05
7.015810000000000000e+05
7.030830000000000000e+05
7.037020000000000000e+05
7.038680000000000000e+05
7.042470000000000000e+05
7.042480000000000000e+05
7.046900000000000000e+05
7.046910000000000000e+05
7.050650000000000000e+05
7.051190000000000000e+05
7.052410000000000000e+05
7.053230000000000000e+05
7.065370000000000000e+05
7.067530000000000000e+05
7.067540000000000000e+05
7.067550000000000000e+05
7.084740000000000000e+05
7.086960000000000000e+05
7.087470000000000000e+05
7.088630000000000000e+05
7.096990000000000000e+05
7.112920000000000000e+05
7.115650000000000000e+05
7.134810000000000000e+05
7.153520000000000000e+05
7.153530000000000000e+05
7.157820000000000000e+05
7.162650000000000000e+05
7.162660000000000000e+05
7.165140000000000000e+05
7.165170000000000000e+05
7.170430000000000000e+05
7.172800000000000000e+05
7.179020000000000000e+05
7.179030000000000000e+05
7.179050000000000000e+05
7.196400000000000000e+05
7.199520000000000000e+05
7.208220000000000000e+05
7.208850000000000000e+05
7.208860000000000000e+05
7.208870000000000000e+05
7.210620000000000000e+05
7.215760000000000000e+05
7.222690000000000000e+05
7.225840000000000000e+05
7.234870000000000000e+05
7.247570000000000000e+05
7.250020000000000000e+05
7.285650000000000000e+05
7.285660000000000000e+05
7.286420000000000000e+05
7.313840000000000000e+05
7.315240000000000000e+05
7.316730000000000000e+05
7.316740000000000000e+05
7.332580000000000000e+05
7.332590000000000000e+05
7.340410000000000000e+05
7.342930000000000000e+05
7.343290000000000000e+05
7.345250000000000000e+05
7.348740000000000000e+05
7.358960000000000000e+05
7.362310000000000000e+05
7.365290000000000000e+05
7.376040000000000000e+05
7.392490000000000000e+05
7.396190000000000000e+05
7.407780000000000000e+05
7.409530000000000000e+05
7.420350000000000000e+05
7.420910000000000000e+05
7.429540000000000000e+05
7.433300000000000000e+05
7.446350000000000000e+05
7.461800000000000000e+05
7.466990000000000000e+05
7.469230000000000000e+05
7.478910000000000000e+05
7.493250000000000000e+05
7.494730000000000000e+05
7.496710000000000000e+05
7.505680000000000000e+05
7.505690000000000000e+05
7.506880000000000000e+05
7.510660000000000000e+05
7.513560000000000000e+05
7.514140000000000000e+05
7.519410000000000000e+05
7.528600000000000000e+05
7.541510000000000000e+05
7.543870000000000000e+05
7.545040000000000000e+05
7.547090000000000000e+05
7.548020000000000000e+05
7.548030000000000000e+05
7.552860000000000000e+05
7.558980000000000000e+05
7.559850000000000000e+05
7.560870000000000000e+05
7.563250000000000000e+05
7.565640000000000000e+05
7.569390000000000000e+05
7.574880000000000000e+05
7.576670000000000000e+05
7.578180000000000000e+05
7.579340000000000000e+05
7.586830000000000000e+05
7.588350000000000000e+05
7.588370000000000000e+05
7.595820000000000000e+05
7.597320000000000000e+05
7.597610000000000000e+05
7.602680000000000000e+05
7.605540000000000000e+05
7.605870000000000000e+05
7.607720000000000000e+05
7.610400000000000000e+05
7.619670000000000000e+05
7.621860000000000000e+05
7.621870000000000000e+05
7.622300000000000000e+05
7.629010000000000000e+05
7.634180000000000000e+05
7.641420000000000000e+05
7.641430000000000000e+05
7.645860000000000000e+05
7.647730000000000000e+05
7.648080000000000000e+05
7.651040000000000000e+05
7.651770000000000000e+05
7.659460000000000000e+05
7.663310000000000000e+05
7.670090000000000000e+05
7.670100000000000000e+05
7.670650000000000000e+05
7.671130000000000000e+05
7.682040000000000000e+05
7.684500000000000000e+05
7.688930000000000000e+05
7.690490000000000000e+05
7.691430000000000000e+05
7.694610000000000000e+05
7.698320000000000000e+05
7.715330000000000000e+05
7.723800000000000000e+05
7.730050000000000000e+05
7.731260000000000000e+05
7.734400000000000000e+05
7.735610000000000000e+05
7.735620000000000000e+05
7.738230000000000000e+05
7.753250000000000000e+05
7.754200000000000000e+05
7.763650000000000000e+05
7.763970000000000000e+05
7.767520000000000000e+05
7.767670000000000000e+05
7.776330000000000000e+05
7.778750000000000000e+05
7.782490000000000000e+05
7.783640000000000000e+05
7.783830000000000000e+05
7.786660000000000000e+05
7.787260000000000000e+05
7.794520000000000000e+05
7.795290000000000000e+05
7.795300000000000000e+05
7.795890000000000000e+05
7.796040000000000000e+05
7.796370000000000000e+05
7.799830000000000000e+05
7.803310000000000000e+05
7.805770000000000000e+05
7.806360000000000000e+05
7.807050000000000000e+05
7.807490000000000000e+05
7.811030000000000000e+05
7.811310000000000000e+05
7.821230000000000000e+05
7.821240000000000000e+05
7.822580000000000000e+05
7.825140000000000000e+05
7.825410000000000000e+05
7.826060000000000000e+05
7.827050000000000000e+05
7.829790000000000000e+05
7.833210000000000000e+05
7.837720000000000000e+05
7.840180000000000000e+05
7.843780000000000000e+05
7.855880000000000000e+05
7.857950000000000000e+05
7.859680000000000000e+05
7.860440000000000000e+05
7.863860000000000000e+05
7.863870000000000000e+05
7.864350000000000000e+05
7.873250000000000000e+05
7.879560000000000000e+05
7.880740000000000000e+05
7.883240000000000000e+05
7.885980000000000000e+05
7.891400000000000000e+05
7.906930000000000000e+05
7.908350000000000000e+05
7.910040000000000000e+05
7.912240000000000000e+05
7.913160000000000000e+05
7.913950000000000000e+05
7.916880000000000000e+05
7.920730000000000000e+05
7.921050000000000000e+05
7.924470000000000000e+05
7.925780000000000000e+05
7.927170000000000000e+05
7.927410000000000000e+05
7.930380000000000000e+05
7.931800000000000000e+05
7.934040000000000000e+05
7.935430000000000000e+05
7.947310000000000000e+05
7.949540000000000000e+05
7.950870000000000000e+05
7.952290000000000000e+05
7.953640000000000000e+05
7.958710000000000000e+05
7.959070000000000000e+05
7.963120000000000000e+05
7.969690000000000000e+05
7.971470000000000000e+05
7.971750000000000000e+05
7.983310000000000000e+05
7.984890000000000000e+05
7.996660000000000000e+05
7.999930000000000000e+05
8.000680000000000000e+05
8.001740000000000000e+05
8.005240000000000000e+05
8.010300000000000000e+05
8.010320000000000000e+05
8.013810000000000000e+05
8.017200000000000000e+05
8.017480000000000000e+05
8.020080000000000000e+05
8.021650000000000000e+05
8.022640000000000000e+05
8.028120000000000000e+05
8.031980000000000000e+05
8.038980000000000000e+05
8.039180000000000000e+05
8.039360000000000000e+05
8.039640000000000000e+05
8.044000000000000000e+05
8.045390000000000000e+05
8.057780000000000000e+05
8.058170000000000000e+05
8.066220000000000000e+05
8.070980000000000000e+05
8.070990000000000000e+05
8.073200000000000000e+05
8.080470000000000000e+05
8.081700000000000000e+05
8.082770000000000000e+05
8.083290000000000000e+05
8.084430000000000000e+05
8.087600000000000000e+05
8.089390000000000000e+05
8.089580000000000000e+05
8.090660000000000000e+05
8.095510000000000000e+05
8.097040000000000000e+05
8.097450000000000000e+05
8.105930000000000000e+05
8.107480000000000000e+05
8.108430000000000000e+05
8.115360000000000000e+05
8.116200000000000000e+05
8.117200000000000000e+05
8.118250000000000000e+05
8.121650000000000000e+05
8.123380000000000000e+05
8.125950000000000000e+05
8.136690000000000000e+05
8.137570000000000000e+05
8.138150000000000000e+05
8.139900000000000000e+05
8.143740000000000000e+05
8.148250000000000000e+05
8.153920000000000000e+05
8.162540000000000000e+05
8.163640000000000000e+05
8.163870000000000000e+05
8.164190000000000000e+05
8.166280000000000000e+05
8.170300000000000000e+05
8.172350000000000000e+05
8.172510000000000000e+05
8.173020000000000000e+05
8.176010000000000000e+05
8.177930000000000000e+05
8.179990000000000000e+05
8.181730000000000000e+05
8.182730000000000000e+05
8.183260000000000000e+05
8.183390000000000000e+05
8.183640000000000000e+05
8.185840000000000000e+05
8.185970000000000000e+05
8.187350000000000000e+05
8.194740000000000000e+05
8.194750000000000000e+05
8.196780000000000000e+05
8.197580000000000000e+05
8.197710000000000000e+05
8.198870000000000000e+05
8.199000000000000000e+05
8.207030000000000000e+05
8.208140000000000000e+05
8.208990000000000000e+05
8.210910000000000000e+05
8.212070000000000000e+05
8.212400000000000000e+05
8.217290000000000000e+05
8.219470000000000000e+05
8.227460000000000000e+05
8.228540000000000000e+05
8.231730000000000000e+05
8.234640000000000000e+05
8.237040000000000000e+05
8.237640000000000000e+05
8.239010000000000000e+05
8.240990000000000000e+05
8.245720000000000000e+05
8.246360000000000000e+05
8.249610000000000000e+05
8.252650000000000000e+05
8.258830000000000000e+05
8.260590000000000000e+05
8.261880000000000000e+05
8.264770000000000000e+05
8.267010000000000000e+05
8.272680000000000000e+05
8.273340000000000000e+05
8.274320000000000000e+05
8.275560000000000000e+05
8.276660000000000000e+05
8.281690000000000000e+05
8.287770000000000000e+05
8.287930000000000000e+05
8.290930000000000000e+05
8.300570000000000000e+05
8.301180000000000000e+05
8.302770000000000000e+05
8.304590000000000000e+05
8.305760000000000000e+05
8.306910000000000000e+05
8.308380000000000000e+05
8.311170000000000000e+05
8.320560000000000000e+05
8.322820000000000000e+05
8.322930000000000000e+05
8.326100000000000000e+05
8.328080000000000000e+05
8.328910000000000000e+05
8.330160000000000000e+05
8.331210000000000000e+05
8.334770000000000000e+05
8.337030000000000000e+05
8.338600000000000000e+05
8.338870000000000000e+05
8.340540000000000000e+05
8.344750000000000000e+05
8.345510000000000000e+05
8.349590000000000000e+05
8.354740000000000000e+05
8.356020000000000000e+05
8.356780000000000000e+05
8.357020000000000000e+05
8.362020000000000000e+05
8.365370000000000000e+05
8.369290000000000000e+05
8.371580000000000000e+05
8.382230000000000000e+05
8.382290000000000000e+05
8.382730000000000000e+05
8.386530000000000000e+05
8.387430000000000000e+05
8.388670000000000000e+05
8.391990000000000000e+05
8.397910000000000000e+05
8.398300000000000000e+05
8.399430000000000000e+05
8.404340000000000000e+05
8.404820000000000000e+05
8.408250000000000000e+05
8.415230000000000000e+05
8.417670000000000000e+05
8.419340000000000000e+05
8.422600000000000000e+05
8.430390000000000000e+05
8.430600000000000000e+05
8.435560000000000000e+05
8.440550000000000000e+05
8.441810000000000000e+05
8.442310000000000000e+05
8.450330000000000000e+05
8.452050000000000000e+05
8.455840000000000000e+05
8.457090000000000000e+05
8.461150000000000000e+05
8.465240000000000000e+05
8.468870000000000000e+05
8.472650000000000000e+05
8.478440000000000000e+05
8.478580000000000000e+05
8.483620000000000000e+05
8.489550000000000000e+05
8.491460000000000000e+05
8.495310000000000000e+05
8.497500000000000000e+05
8.501850000000000000e+05
8.504130000000000000e+05
8.514370000000000000e+05
8.520250000000000000e+05
8.521640000000000000e+05
8.525390000000000000e+05
8.526570000000000000e+05
8.527510000000000000e+05
8.529300000000000000e+05
8.534370000000000000e+05
8.535090000000000000e+05
8.537470000000000000e+05
8.540350000000000000e+05
8.541690000000000000e+05
8.545450000000000000e+05
8.548960000000000000e+05
8.551090000000000000e+05
8.557310000000000000e+05
8.564550000000000000e+05
8.564710000000000000e+05
8.575590000000000000e+05
8.576880000000000000e+05
8.581640000000000000e+05
8.581810000000000000e+05
8.582740000000000000e+05
8.593120000000000000e+05
8.599430000000000000e+05
8.600910000000000000e+05
8.607130000000000000e+05
8.610520000000000000e+05
8.627820000000000000e+05
8.635290000000000000e+05
8.639480000000000000e+05
8.643960000000000000e+05
8.645200000000000000e+05
8.655700000000000000e+05
8.659770000000000000e+05
8.662000000000000000e+05
8.666160000000000000e+05
8.675580000000000000e+05
8.675900000000000000e+05
8.683600000000000000e+05
8.684570000000000000e+05
8.686950000000000000e+05
8.688120000000000000e+05
8.691030000000000000e+05
8.693240000000000000e+05
8.696780000000000000e+05
8.708960000000000000e+05
8.723200000000000000e+05
8.735320000000000000e+05
8.743290000000000000e+05
8.747880000000000000e+05
8.749910000000000000e+05
8.755520000000000000e+05
8.760160000000000000e+05
8.774310000000000000e+05
8.794640000000000000e+05
8.800620000000000000e+05
8.808070000000000000e+05
8.809690000000000000e+05
8.818860000000000000e+05
8.894810000000000000e+05
8.950630000000000000e+05
8.967660000000000000e+05
9.021890000000000000e+05
9.111490000000000000e+05
9.154580000000000000e+05
9.207470000000000000e+05
9.224650000000000000e+05
