2.206000000000000000e+05
2.206010000000000000e+05
2.206030000000000000e+05
2.893870000000000000e+05
2.893910000000000000e+05
2.893930000000000000e+05
4.048200000000000000e+05
4.321070000000000000e+05
4.321080000000000000e+05
4.665490000000000000e+05
5.034370000000000000e+05
5.090910000000000000e+05
5.090920000000000000e+05
5.235480000000000000e+05
5.374880000000000000e+05
5.383700000000000000e+05
5.440010000000000000e+05
5.440020000000000000e+05
5.478440000000000000e+05
5.545230000000000000e+05
5.550130000000000000e+05
5.751900000000000000e+05
5.758630000000000000e+05
5.773720000000000000e+05
5.800350000000000000e+05
5.830270000000000000e+05
5.834510000000000000e+05
5.926620000000000000e+05
5.928400000000000000e+05
5.964000000000000000e+05
5.964010000000000000e+05
6.026530000000000000e+05
6.050540000000000000e+05
6.068200000000000000e+05
6.143260000000000000e+05
6.192230000000000000e+05
6.214090000000000000e+05
6.334370000000000000e+05
6.337260000000000000e+05
6.342830000000000000e+05
6.367290000000000000e+05
6.378030000000000000e+05
6.437280000000000000e+05
6.483640000000000000e+05
6.507030000000000000e+05
6.575680000000000000e+05
6.587210000000000000e+05
6.636470000000000000e+05
6.669880000000000000e+05
6.678580000000000000e+05
6.691790000000000000e+05
6.718120000000000000e+05
6.729550000000000000e+05
6.731640000000000000e+05
6.745960000000000000e+05
6.770690000000000000e+05
6.772290000000000000e+05
6.819410000000000000e+05
6.831720000000000000e+05
6.849100000000000000e+05
6.859950000000000000e+05
6.867530000000000000e+05
6.885860000000000000e+05
6.944880000000000000e+05
6.985670000000000000e+05
7.003380000000000000e+05
7.005250000000000000e+05
7.015810000000000000e+05
7.030830000000000000e+05
7.037020000000000000e+05
7.042470000000000000e+05
7.050650000000000000e+05
7.052410000000000000e+05
7.065370000000000000e+05
7.084740000000000000e+05
7.087470000000000000e+05
7.134810000000000000e+05
7.157820000000000000e+05
7.170430000000000000e+05
7.179030000000000000e+05
7.199520000000000000e+05
7.208220000000000000e+05
7.208860000000000000e+05
7.215760000000000000e+05
7.225840000000000000e+05
7.234870000000000000e+05
7.247570000000000000e+05
7.348740000000000000e+05
7.358960000000000000e+05
7.365290000000000000e+05
7.396190000000000000e+05
7.407780000000000000e+05
7.409530000000000000e+05
7.433300000000000000e+05
7.478910000000000000e+05
7.493250000000000000e+05
7.494730000000000000e+05
7.496710000000000000e+05
7.559850000000000000e+05
7.565640000000000000e+05
7.574880000000000000e+05
7.597610000000000000e+05
7.605540000000000000e+05
7.607720000000000000e+05
7.622300000000000000e+05
7.641420000000000000e+05
7.659460000000000000e+05
7.670650000000000000e+05
7.684500000000000000e+05
7.690490000000000000e+05
7.754200000000000000e+05
7.782490000000000000e+05
7.806360000000000000e+05
7.825410000000000000e+05
7.906930000000000000e+05
7.921050000000000000e+05
7.931800000000000000e+05
8.136690000000000000e+05
8.181730000000000000e+05
8.239010000000000000e+05
8.338870000000000000e+05
8.450330000000000000e+05
